version = 'MMult_4x4_p1';
MY_MMult = [
40 1.828571e+01 2.664535e-15 
80 2.007843e+01 7.105427e-15 
120 2.229677e+01 1.065814e-14 
160 1.927529e+01 1.421085e-14 
200 1.944107e+01 2.131628e-14 
240 2.178723e+01 2.486900e-14 
280 2.055431e+01 2.842171e-14 
320 1.883218e+01 3.552714e-14 
360 2.066711e+01 4.973799e-14 
400 2.027562e+01 4.973799e-14 
440 2.088355e+01 4.973799e-14 
480 2.096730e+01 6.039613e-14 
520 2.091914e+01 6.394885e-14 
560 2.062673e+01 6.750156e-14 
600 2.002782e+01 7.460699e-14 
640 2.142137e+01 8.171241e-14 
680 2.129721e+01 9.237056e-14 
720 2.043012e+01 1.101341e-13 
760 2.177082e+01 1.065814e-13 
800 2.109470e+01 8.881784e-14 
];
