version = 'MMult_4x4_6';
MY_MMult = [
40 9.846154e+00 2.664535e-15 
80 9.570093e+00 7.105427e-15 
120 8.347826e+00 1.065814e-14 
160 3.645750e+00 1.421085e-14 
200 5.191434e+00 1.421085e-14 
240 9.375381e+00 1.776357e-14 
280 8.349943e+00 1.776357e-14 
320 9.113614e+00 2.842171e-14 
360 8.493719e+00 2.309264e-14 
400 9.112915e+00 2.842171e-14 
440 8.804093e+00 3.197442e-14 
480 9.016142e+00 3.907985e-14 
520 8.875647e+00 3.907985e-14 
560 9.040488e+00 4.618528e-14 
600 8.705991e+00 4.263256e-14 
640 9.050059e+00 4.440892e-14 
680 8.765144e+00 5.329071e-14 
720 8.574796e+00 4.973799e-14 
760 8.874567e+00 4.973799e-14 
800 8.929661e+00 4.973799e-14 
];
