version = 'MMult_4x4_15';
MY_MMult = [
40 1.828571e+01 2.664535e-15 
80 2.133333e+01 7.105427e-15 
120 2.201274e+01 1.065814e-14 
160 1.113043e+01 1.421085e-14 
200 1.895735e+01 2.131628e-14 
240 2.208307e+01 2.486900e-14 
280 2.065099e+01 2.842171e-14 
320 2.045443e+01 3.552714e-14 
360 1.852164e+01 4.973799e-14 
400 2.031746e+01 4.973799e-14 
440 1.904404e+01 4.973799e-14 
480 1.956688e+01 6.039613e-14 
520 1.993874e+01 6.394885e-14 
560 2.044900e+01 6.750156e-14 
600 2.073633e+01 7.460699e-14 
640 1.965245e+01 8.171241e-14 
680 1.952751e+01 9.237056e-14 
720 1.957663e+01 1.101341e-13 
760 2.073625e+01 1.065814e-13 
800 1.809123e+01 8.881784e-14 
];
