version = 'MMult_1x4_7';
MY_MMult = [
40 9.142857e+00 2.664535e-15 
80 8.192000e+00 7.105427e-15 
120 8.112676e+00 1.065814e-14 
160 8.151244e+00 1.421085e-14 
200 8.234689e+00 1.421085e-14 
240 8.312688e+00 1.776357e-14 
280 7.979644e+00 1.776357e-14 
320 7.513873e+00 2.842171e-14 
360 7.363636e+00 2.309264e-14 
400 7.109136e+00 2.842171e-14 
440 6.827282e+00 3.197442e-14 
480 6.780833e+00 3.907985e-14 
520 6.628388e+00 3.907985e-14 
560 6.595039e+00 4.618528e-14 
600 6.543769e+00 4.263256e-14 
640 6.564185e+00 4.440892e-14 
680 6.513620e+00 5.329071e-14 
720 6.512336e+00 4.973799e-14 
760 6.210050e+00 4.973799e-14 
800 6.230947e+00 4.973799e-14 
];
