version = 'MMult_4x4_7';
MY_MMult = [
40 9.846154e+00 2.664535e-15 
80 9.846154e+00 7.105427e-15 
120 9.365854e+00 1.065814e-14 
160 8.200200e+00 1.421085e-14 
200 4.763322e+00 1.421085e-14 
240 9.533793e+00 1.776357e-14 
280 9.600700e+00 1.776357e-14 
320 9.265658e+00 2.842171e-14 
360 8.931087e+00 2.309264e-14 
400 8.986871e+00 2.842171e-14 
440 6.242873e+00 3.197442e-14 
480 8.690582e+00 3.907985e-14 
520 8.999776e+00 3.907985e-14 
560 8.513683e+00 4.618528e-14 
600 8.815067e+00 4.263256e-14 
640 8.208288e+00 4.440892e-14 
680 8.941618e+00 5.329071e-14 
720 8.875762e+00 4.973799e-14 
760 8.631320e+00 4.973799e-14 
800 8.840466e+00 4.973799e-14 
];
