version = 'MMult_4x4_10';
MY_MMult = [
40 2.133333e+01 2.664535e-15 
80 2.089796e+01 7.105427e-15 
120 1.645714e+01 1.065814e-14 
160 1.896296e+01 1.421085e-14 
200 1.845444e+01 1.421085e-14 
240 1.762141e+01 1.776357e-14 
280 1.695135e+01 1.776357e-14 
320 1.646633e+01 2.842171e-14 
360 1.579953e+01 2.309264e-14 
400 1.626636e+01 2.842171e-14 
440 1.524409e+01 3.197442e-14 
480 1.595614e+01 3.907985e-14 
520 1.547183e+01 3.907985e-14 
560 1.586629e+01 4.618528e-14 
600 1.462969e+01 4.263256e-14 
640 1.526756e+01 4.440892e-14 
680 1.499723e+01 5.329071e-14 
720 1.505670e+01 4.973799e-14 
760 1.243646e+01 4.973799e-14 
800 1.317279e+01 4.973799e-14 
];
