version = 'MMult_4x4_p2';
MY_MMult = [
40 1.828571e+01 2.664535e-15 
80 6.206061e+00 7.105427e-15 
120 2.107317e+01 1.065814e-14 
160 2.048000e+01 1.421085e-14 
200 1.773836e+01 2.131628e-14 
240 2.148252e+01 2.486900e-14 
280 2.066071e+01 2.842171e-14 
320 1.915697e+01 3.552714e-14 
360 2.021928e+01 4.973799e-14 
400 2.144054e+01 4.973799e-14 
440 2.134402e+01 4.973799e-14 
480 2.055996e+01 6.039613e-14 
520 2.081694e+01 6.394885e-14 
560 1.945129e+01 6.750156e-14 
600 2.135970e+01 7.460699e-14 
640 2.048800e+01 8.171241e-14 
680 2.068223e+01 9.237056e-14 
720 2.109282e+01 1.101341e-13 
760 2.082626e+01 1.065814e-13 
800 2.092230e+01 8.881784e-14 
];
