version = 'MMult_4x4_13';
MY_MMult = [
40 1.828571e+01 2.664535e-15 
80 2.178723e+01 7.105427e-15 
120 2.258824e+01 1.065814e-14 
160 9.775656e+00 1.421085e-14 
200 1.506591e+01 2.131628e-14 
240 2.080361e+01 2.486900e-14 
280 2.068017e+01 2.842171e-14 
320 2.064126e+01 3.552714e-14 
360 2.109699e+01 4.973799e-14 
400 2.199313e+01 4.973799e-14 
440 2.082993e+01 4.973799e-14 
480 2.157472e+01 6.039613e-14 
520 2.110597e+01 6.394885e-14 
560 2.121991e+01 6.750156e-14 
600 2.092516e+01 7.460699e-14 
640 2.129434e+01 8.171241e-14 
680 2.087585e+01 9.237056e-14 
720 2.172067e+01 1.101341e-13 
760 2.125946e+01 1.065814e-13 
800 1.827886e+01 8.881784e-14 
];
