version = 'MMult_4x4_9';
MY_MMult = [
40 8.533333e+00 2.664535e-15 
80 9.309091e+00 7.105427e-15 
120 9.290323e+00 1.065814e-14 
160 8.641350e+00 1.421085e-14 
200 8.429926e+00 1.421085e-14 
240 8.782719e+00 1.776357e-14 
280 8.600196e+00 1.776357e-14 
320 8.666490e+00 2.842171e-14 
360 7.924586e+00 2.309264e-14 
400 8.566457e+00 2.842171e-14 
440 8.516697e+00 3.197442e-14 
480 8.614426e+00 3.907985e-14 
520 8.542925e+00 3.907985e-14 
560 8.558702e+00 4.618528e-14 
600 8.514664e+00 4.263256e-14 
640 8.491594e+00 4.440892e-14 
680 8.312809e+00 5.329071e-14 
720 8.360354e+00 4.973799e-14 
760 8.292893e+00 4.973799e-14 
800 8.266598e+00 4.973799e-14 
];
