version = 'MMult_1x4_6';
MY_MMult = [
40 9.846154e+00 2.664535e-15 
80 8.258065e+00 7.105427e-15 
120 8.307692e+00 1.065814e-14 
160 7.721018e+00 1.421085e-14 
200 8.052340e+00 1.421085e-14 
240 8.189573e+00 1.776357e-14 
280 7.880811e+00 1.776357e-14 
320 5.036969e+00 2.842171e-14 
360 6.852611e+00 2.309264e-14 
400 6.499441e+00 2.842171e-14 
440 6.219853e+00 3.197442e-14 
480 6.273833e+00 3.907985e-14 
520 6.140490e+00 3.907985e-14 
560 6.304196e+00 4.618528e-14 
600 5.955417e+00 4.263256e-14 
640 4.880412e+00 4.440892e-14 
680 5.858672e+00 5.329071e-14 
720 6.021489e+00 4.973799e-14 
760 5.997063e+00 4.973799e-14 
800 6.097416e+00 4.973799e-14 
];
