version = 'MMult_1x4_8';
MY_MMult = [
40 9.846154e+00 2.664535e-15 
80 8.533333e+00 7.105427e-15 
120 6.031414e+00 1.065814e-14 
160 8.143141e+00 1.421085e-14 
200 8.290155e+00 1.421085e-14 
240 7.556163e+00 1.776357e-14 
280 8.257288e+00 1.776357e-14 
320 7.917845e+00 2.842171e-14 
360 7.448276e+00 2.309264e-14 
400 6.970159e+00 2.842171e-14 
440 6.714274e+00 3.197442e-14 
480 6.642162e+00 3.907985e-14 
520 6.447099e+00 3.907985e-14 
560 6.323719e+00 4.618528e-14 
600 6.350700e+00 4.263256e-14 
640 6.209000e+00 4.440892e-14 
680 6.173747e+00 5.329071e-14 
720 6.189543e+00 4.973799e-14 
760 6.128425e+00 4.973799e-14 
800 6.320715e+00 4.973799e-14 
];
