version = 'MMult_4x4_4';
MY_MMult = [
40 2.206897e+00 0.000000e+00 
80 3.093656e+00 0.000000e+00 
120 2.860927e+00 0.000000e+00 
160 2.621440e+00 0.000000e+00 
200 2.418380e+00 0.000000e+00 
240 2.582477e+00 0.000000e+00 
280 2.517287e+00 0.000000e+00 
320 2.486569e+00 0.000000e+00 
360 2.497578e+00 0.000000e+00 
400 2.488965e+00 0.000000e+00 
440 2.409016e+00 0.000000e+00 
480 2.330780e+00 0.000000e+00 
520 2.460505e+00 0.000000e+00 
560 2.390179e+00 0.000000e+00 
600 2.315323e+00 0.000000e+00 
640 2.379828e+00 0.000000e+00 
680 2.354811e+00 0.000000e+00 
720 2.282220e+00 0.000000e+00 
760 2.264064e+00 0.000000e+00 
800 2.241421e+00 0.000000e+00 
];
