version = 'MMult_4x4_5';
MY_MMult = [
40 4.571429e+00 0.000000e+00 
80 4.530973e+00 0.000000e+00 
120 2.926334e+00 0.000000e+00 
160 4.454595e+00 0.000000e+00 
200 4.510854e+00 0.000000e+00 
240 4.470170e+00 0.000000e+00 
280 4.448227e+00 0.000000e+00 
320 4.441011e+00 0.000000e+00 
360 4.412332e+00 0.000000e+00 
400 4.372630e+00 0.000000e+00 
440 4.375928e+00 0.000000e+00 
480 4.373386e+00 0.000000e+00 
520 4.254982e+00 0.000000e+00 
560 4.192063e+00 0.000000e+00 
600 4.209542e+00 0.000000e+00 
640 3.964251e+00 0.000000e+00 
680 4.017402e+00 0.000000e+00 
720 4.133697e+00 0.000000e+00 
760 4.088137e+00 0.000000e+00 
800 3.996862e+00 0.000000e+00 
];
