version = 'MMult_4x4_11';
MY_MMult = [
40 1.828571e+01 2.664535e-15 
80 2.048000e+01 7.105427e-15 
120 1.997688e+01 1.065814e-14 
160 1.231880e+01 1.421085e-14 
200 1.934704e+01 2.131628e-14 
240 1.524146e+01 2.486900e-14 
280 1.889970e+01 2.842171e-14 
320 1.847125e+01 3.552714e-14 
360 1.726082e+01 4.973799e-14 
400 1.809955e+01 4.973799e-14 
440 1.799979e+01 4.973799e-14 
480 1.816408e+01 6.039613e-14 
520 1.772556e+01 6.394885e-14 
560 1.880056e+01 6.750156e-14 
600 1.839550e+01 7.460699e-14 
640 1.814459e+01 8.171241e-14 
680 1.803143e+01 9.237056e-14 
720 1.802913e+01 1.101341e-13 
760 1.806151e+01 1.065814e-13 
800 1.803547e+01 8.881784e-14 
];
