version = 'MMult2';
MY_MMult = [
40 3.555556e+00 0.000000e+00 
80 3.065868e+00 0.000000e+00 
120 2.979310e+00 0.000000e+00 
160 2.720691e+00 0.000000e+00 
200 2.681864e+00 0.000000e+00 
240 2.642707e+00 0.000000e+00 
280 2.627409e+00 0.000000e+00 
320 2.623539e+00 0.000000e+00 
360 2.612318e+00 0.000000e+00 
400 2.530594e+00 0.000000e+00 
440 2.539054e+00 0.000000e+00 
480 1.240815e+00 0.000000e+00 
520 2.237502e+00 0.000000e+00 
560 2.259497e+00 0.000000e+00 
600 2.235574e+00 0.000000e+00 
640 2.295602e+00 0.000000e+00 
680 2.224264e+00 0.000000e+00 
720 2.180448e+00 0.000000e+00 
760 2.185368e+00 0.000000e+00 
800 2.191518e+00 0.000000e+00 
];
