version = 'MMult_1x4_9';
MY_MMult = [
40 9.142857e+00 2.664535e-15 
80 8.605042e+00 7.105427e-15 
120 8.347826e+00 1.065814e-14 
160 7.968872e+00 1.421085e-14 
200 7.048458e+00 1.421085e-14 
240 7.892663e+00 1.776357e-14 
280 8.265060e+00 1.776357e-14 
320 7.990246e+00 2.842171e-14 
360 7.685693e+00 2.309264e-14 
400 7.059343e+00 2.842171e-14 
440 6.601108e+00 3.197442e-14 
480 6.753710e+00 3.907985e-14 
520 6.684955e+00 3.907985e-14 
560 6.567908e+00 4.618528e-14 
600 6.448820e+00 4.263256e-14 
640 6.384724e+00 4.440892e-14 
680 6.526058e+00 5.329071e-14 
720 6.200133e+00 4.973799e-14 
760 6.332739e+00 4.973799e-14 
800 6.334634e+00 4.973799e-14 
];
