version = 'MMult_1x4_3';
MY_MMult = [
40 3.764706e+00 0.000000e+00 
80 3.121951e+00 0.000000e+00 
120 2.775904e+00 0.000000e+00 
160 1.912232e+00 0.000000e+00 
200 2.564103e+00 0.000000e+00 
240 2.640940e+00 0.000000e+00 
280 2.477513e+00 0.000000e+00 
320 2.507403e+00 0.000000e+00 
360 2.563657e+00 0.000000e+00 
400 2.506168e+00 0.000000e+00 
440 2.460401e+00 0.000000e+00 
480 2.387152e+00 0.000000e+00 
520 2.264967e+00 0.000000e+00 
560 2.299045e+00 0.000000e+00 
600 2.269826e+00 0.000000e+00 
640 2.265996e+00 0.000000e+00 
680 2.312111e+00 0.000000e+00 
720 2.192204e+00 0.000000e+00 
760 2.178195e+00 0.000000e+00 
800 2.176570e+00 0.000000e+00 
];
