version = 'MMult_4x4_14';
MY_MMult = [
40 1.828571e+01 2.664535e-15 
80 2.089796e+01 7.105427e-15 
120 1.888525e+01 1.065814e-14 
160 2.133333e+01 1.421085e-14 
200 1.270850e+01 2.131628e-14 
240 2.163380e+01 2.486900e-14 
280 2.104698e+01 2.842171e-14 
320 2.075895e+01 3.552714e-14 
360 1.406148e+01 4.973799e-14 
400 2.151984e+01 4.973799e-14 
440 1.953313e+01 4.973799e-14 
480 2.080361e+01 6.039613e-14 
520 1.969162e+01 6.394885e-14 
560 2.001094e+01 6.750156e-14 
600 1.999722e+01 7.460699e-14 
640 1.897600e+01 8.171241e-14 
680 1.927139e+01 9.237056e-14 
720 1.573857e+01 1.101341e-13 
760 1.838489e+01 1.065814e-13 
800 1.965489e+01 8.881784e-14 
];
