version = 'MMult_1x4_4';
MY_MMult = [
40 3.878788e+00 0.000000e+00 
80 3.282051e+00 0.000000e+00 
120 2.853840e+00 0.000000e+00 
160 2.636627e+00 0.000000e+00 
200 1.542615e+00 0.000000e+00 
240 2.625392e+00 0.000000e+00 
280 2.577736e+00 0.000000e+00 
320 2.586573e+00 0.000000e+00 
360 2.579033e+00 0.000000e+00 
400 2.518049e+00 0.000000e+00 
440 2.504859e+00 0.000000e+00 
480 2.489970e+00 0.000000e+00 
520 2.383894e+00 0.000000e+00 
560 2.432961e+00 0.000000e+00 
600 2.402149e+00 0.000000e+00 
640 2.365654e+00 0.000000e+00 
680 2.138884e+00 0.000000e+00 
720 2.212102e+00 0.000000e+00 
760 1.947158e+00 0.000000e+00 
800 2.157847e+00 0.000000e+00 
];
