version = 'MMult_4x4_3';
MY_MMult = [
40 3.282051e+00 0.000000e+00 
80 2.438095e+00 0.000000e+00 
120 2.780370e+00 0.000000e+00 
160 2.540155e+00 0.000000e+00 
200 2.288657e+00 0.000000e+00 
240 2.443698e+00 0.000000e+00 
280 2.511527e+00 0.000000e+00 
320 2.453613e+00 0.000000e+00 
360 2.393352e+00 0.000000e+00 
400 2.434941e+00 0.000000e+00 
440 2.411744e+00 0.000000e+00 
480 2.389215e+00 0.000000e+00 
520 2.307811e+00 0.000000e+00 
560 2.323685e+00 0.000000e+00 
600 2.238388e+00 0.000000e+00 
640 2.173611e+00 0.000000e+00 
680 2.180580e+00 0.000000e+00 
720 2.148196e+00 0.000000e+00 
760 2.141106e+00 0.000000e+00 
800 2.125209e+00 0.000000e+00 
];
