version = 'MMult_4x4_12';
MY_MMult = [
40 1.280000e+01 2.664535e-15 
80 1.296203e+01 7.105427e-15 
120 1.299248e+01 1.065814e-14 
160 1.197661e+01 1.421085e-14 
200 9.456265e+00 2.131628e-14 
240 1.131260e+01 2.486900e-14 
280 1.135057e+01 2.842171e-14 
320 1.192214e+01 3.552714e-14 
360 1.196768e+01 4.973799e-14 
400 1.175282e+01 4.973799e-14 
440 1.150280e+01 4.973799e-14 
480 1.113492e+01 6.039613e-14 
520 1.146697e+01 6.394885e-14 
560 1.124914e+01 6.750156e-14 
600 1.083250e+01 7.460699e-14 
640 1.145109e+01 8.171241e-14 
680 1.148128e+01 9.237056e-14 
720 1.120528e+01 1.101341e-13 
760 1.142007e+01 1.065814e-13 
800 1.133132e+01 8.881784e-14 
];
