version = 'MMult0';
MY_MMult = [
40 2.560000e+00 0.000000e+00 
80 3.271565e+00 0.000000e+00 
120 3.050309e+00 0.000000e+00 
160 2.729757e+00 0.000000e+00 
200 2.615661e+00 0.000000e+00 
240 2.572146e+00 0.000000e+00 
280 2.557614e+00 0.000000e+00 
320 2.560800e+00 0.000000e+00 
360 2.516641e+00 0.000000e+00 
400 2.475200e+00 0.000000e+00 
440 2.447816e+00 0.000000e+00 
480 2.369380e+00 0.000000e+00 
520 2.332813e+00 0.000000e+00 
560 2.343359e+00 0.000000e+00 
600 2.288281e+00 0.000000e+00 
640 2.286951e+00 0.000000e+00 
680 2.275673e+00 0.000000e+00 
720 2.243589e+00 0.000000e+00 
760 2.294214e+00 0.000000e+00 
800 2.203861e+00 0.000000e+00 
];
