version = 'MMult1';
MY_MMult = [
40 3.878788e+00 0.000000e+00 
80 3.390728e+00 0.000000e+00 
120 3.013078e+00 0.000000e+00 
160 2.774128e+00 0.000000e+00 
200 2.697235e+00 0.000000e+00 
240 2.726090e+00 0.000000e+00 
280 2.645616e+00 0.000000e+00 
320 2.582292e+00 0.000000e+00 
360 2.595749e+00 0.000000e+00 
400 2.548430e+00 0.000000e+00 
440 2.481328e+00 0.000000e+00 
480 2.502166e+00 0.000000e+00 
520 2.471490e+00 0.000000e+00 
560 2.424212e+00 0.000000e+00 
600 2.470181e+00 0.000000e+00 
640 2.422023e+00 0.000000e+00 
680 2.405809e+00 0.000000e+00 
720 2.418474e+00 0.000000e+00 
760 2.368510e+00 0.000000e+00 
800 2.302536e+00 0.000000e+00 
];
