version = 'MMult_4x4_8';
MY_MMult = [
40 9.142857e+00 2.664535e-15 
80 9.225225e+00 7.105427e-15 
120 9.167109e+00 1.065814e-14 
160 8.542231e+00 1.421085e-14 
200 6.306661e+00 1.421085e-14 
240 8.226123e+00 1.776357e-14 
280 8.530017e+00 1.776357e-14 
320 8.709103e+00 2.842171e-14 
360 8.312873e+00 2.309264e-14 
400 9.059381e+00 2.842171e-14 
440 7.965961e+00 3.197442e-14 
480 8.554786e+00 3.907985e-14 
520 8.576535e+00 3.907985e-14 
560 8.445310e+00 4.618528e-14 
600 8.340090e+00 4.263256e-14 
640 8.791173e+00 4.440892e-14 
680 8.543419e+00 5.329071e-14 
720 8.455620e+00 4.973799e-14 
760 8.571155e+00 4.973799e-14 
800 8.409503e+00 4.973799e-14 
];
