version = 'MMult_1x4_5';
MY_MMult = [
40 2.612245e+00 0.000000e+00 
80 2.579345e+00 0.000000e+00 
120 2.548673e+00 0.000000e+00 
160 2.345934e+00 0.000000e+00 
200 1.626512e+00 0.000000e+00 
240 2.000434e+00 0.000000e+00 
280 2.128369e+00 0.000000e+00 
320 2.438640e+00 0.000000e+00 
360 2.463033e+00 0.000000e+00 
400 2.452295e+00 0.000000e+00 
440 2.439474e+00 0.000000e+00 
480 2.393948e+00 0.000000e+00 
520 2.468778e+00 0.000000e+00 
560 2.456752e+00 0.000000e+00 
600 2.444808e+00 0.000000e+00 
640 2.427889e+00 0.000000e+00 
680 2.386146e+00 0.000000e+00 
720 2.419203e+00 0.000000e+00 
760 2.329230e+00 0.000000e+00 
800 2.367838e+00 0.000000e+00 
];
